%YAML:1.0

#--------------------------------------------------------------------------------------------
# Camera Parameters. Adjust them!
#--------------------------------------------------------------------------------------------

# Camera calibration and distortion parameters (OpenCV) 
Camera.fx: 6.5860915224955909e+02
Camera.fy: 6.5901318849337997e+02
Camera.cx: 3.4031121909915589e+02
Camera.cy: 2.3538256476050540e+02

Camera.k1: 0.0
Camera.k2: 0.0
Camera.p1: 0.0
Camera.p2: 0.0

Camera.width: 640
Camera.height: 480

# Camera frames per second 
Camera.fps: 30

# stereo baseline times fx
# Camera.bf: 47.90639384423901
Camera.bf: 39.5165491349735

# Color order of the images (0: BGR, 1: RGB. It is ignored if images are grayscale)
Camera.RGB: 0

# Close/Far threshold. Baseline times.
ThDepth: 35

#--------------------------------------------------------------------------------------------
# Stereo Rectification. Only if you need to pre-rectify the images.
# Camera.fx, .fy, etc must be the same as in LEFT.P
#--------------------------------------------------------------------------------------------
LEFT.height: 480
LEFT.width: 640
RIGHT.height: 480
RIGHT.width: 640

LM: !!opencv-matrix
   rows: 3
   cols: 3
   dt: d
   data: [ 6.5860915224955909e+02, 0., 3.4031121909915589e+02, 0.,
       6.5901318849337997e+02, 2.3538256476050540e+02, 0., 0., 1. ]
LD: !!opencv-matrix
   rows: 1
   cols: 5
   dt: d
   data: [ -4.5219033509768769e-01, 2.5175918756157856e-01,
       1.2386363775004597e-03, -3.1643815106436208e-04, 0. ]
RM: !!opencv-matrix
   rows: 3
   cols: 3
   dt: d
   data: [ 6.5860915224955909e+02, 0., 3.4031121909915589e+02, 0.,
       6.5901318849337997e+02, 2.3538256476050540e+02, 0., 0., 1. ]
RD: !!opencv-matrix
   rows: 1
   cols: 5
   dt: d
   data: [ -4.5219033509768769e-01, 2.5175918756157856e-01,
       1.2386363775004597e-03, -3.1643815106436208e-04, 0. ]
R: !!opencv-matrix
   rows: 3
   cols: 3
   dt: d
   data: [ 9.9940887736744322e-01, 6.9723187711433392e-03,
       3.3664263100511363e-02, -8.4193435334705153e-03,
       9.9903807218437590e-01, 4.3035392185865884e-02,
       -3.3331824036681473e-02, -4.3293383987388190e-02,
       9.9850622051608084e-01 ]
T: !!opencv-matrix
   rows: 3
   cols: 1
   dt: d
   data: [ -4.2969203020425581e+00, 6.9293890315775403e-02,
       1.4948694335617554e-01 ]


#--------------------------------------------------------------------------------------------
# ORB Parameters
#--------------------------------------------------------------------------------------------

# ORB Extractor: Number of features per image
ORBextractor.nFeatures: 1200

# ORB Extractor: Scale factor between levels in the scale pyramid 	
ORBextractor.scaleFactor: 1.2

# ORB Extractor: Number of levels in the scale pyramid	
ORBextractor.nLevels: 8

# ORB Extractor: Fast threshold
# Image is divided in a grid. At each cell FAST are extracted imposing a minimum response.
# Firstly we impose iniThFAST. If no corners are detected we impose a lower value minThFAST
# You can lower these values if your images have low contrast			
# ORBextractor.iniThFAST: 20
# ORBextractor.minThFAST: 7
ORBextractor.iniThFAST: 10
ORBextractor.minThFAST: 4

#--------------------------------------------------------------------------------------------
# Viewer Parameters
#--------------------------------------------------------------------------------------------
Viewer.KeyFrameSize: 0.05
Viewer.KeyFrameLineWidth: 1
Viewer.GraphLineWidth: 0.9
Viewer.PointSize:2
Viewer.CameraSize: 0.08
Viewer.CameraLineWidth: 3
Viewer.ViewpointX: 0
Viewer.ViewpointY: -0.7
Viewer.ViewpointZ: -1.8
Viewer.ViewpointF: 500

